(kicad_pcb (version 20171130) (host pcbnew "(5.1.6)-1")

  (general
    (thickness 1.6)
    (drawings 75)
    (tracks 784)
    (zones 0)
    (modules 41)
    (nets 114)
  )

  (page A4)
  (layers
    (0 F.Cu signal)
    (31 B.Cu signal)
    (32 B.Adhes user)
    (33 F.Adhes user)
    (34 B.Paste user)
    (35 F.Paste user)
    (36 B.SilkS user)
    (37 F.SilkS user)
    (38 B.Mask user)
    (39 F.Mask user)
    (40 Dwgs.User user)
    (41 Cmts.User user)
    (42 Eco1.User user)
    (43 Eco2.User user)
    (44 Edge.Cuts user)
    (45 Margin user)
    (46 B.CrtYd user)
    (47 F.CrtYd user)
    (48 B.Fab user)
    (49 F.Fab user)
  )

  (setup
    (last_trace_width 0.25)
    (user_trace_width 0.3)
    (user_trace_width 1)
    (trace_clearance 0.2)
    (zone_clearance 0.508)
    (zone_45_only no)
    (trace_min 0.2)
    (via_size 0.8)
    (via_drill 0.4)
    (via_min_size 0.4)
    (via_min_drill 0.3)
    (uvia_size 0.3)
    (uvia_drill 0.1)
    (uvias_allowed no)
    (uvia_min_size 0.2)
    (uvia_min_drill 0.1)
    (edge_width 0.05)
    (segment_width 0.2)
    (pcb_text_width 0.3)
    (pcb_text_size 1.5 1.5)
    (mod_edge_width 0.12)
    (mod_text_size 1 1)
    (mod_text_width 0.15)
    (pad_size 1.524 1.524)
    (pad_drill 0.762)
    (pad_to_mask_clearance 0.05)
    (aux_axis_origin 0 0)
    (visible_elements 7FFFFFFF)
    (pcbplotparams
      (layerselection 0x010fc_ffffffff)
      (usegerberextensions false)
      (usegerberattributes true)
      (usegerberadvancedattributes true)
      (creategerberjobfile true)
      (excludeedgelayer true)
      (linewidth 0.100000)
      (plotframeref false)
      (viasonmask false)
      (mode 1)
      (useauxorigin false)
      (hpglpennumber 1)
      (hpglpenspeed 20)
      (hpglpendiameter 15.000000)
      (psnegative false)
      (psa4output false)
      (plotreference true)
      (plotvalue true)
      (plotinvisibletext false)
      (padsonsilk false)
      (subtractmaskfromsilk false)
      (outputformat 1)
      (mirror false)
      (drillshape 1)
      (scaleselection 1)
      (outputdirectory ""))
  )

  (net 0 "")
  (net 1 +5V)
  (net 2 "Net-(R1-Pad1)")
  (net 3 "Net-(R3-Pad1)")
  (net 4 "Net-(R4-Pad1)")
  (net 5 /F_M~IO~_O)
  (net 6 /F_~ADS~_O)
  (net 7 /F_D~C~_O)
  (net 8 /F_~LOCK~_O)
  (net 9 /F_W~R~_O)
  (net 10 /F_HLDA_O)
  (net 11 /F_A5_O)
  (net 12 /F_A2_O)
  (net 13 /F_~BLE~_O)
  (net 14 /F_D15_IO)
  (net 15 /F_D12_IO)
  (net 16 /F_D9_IO)
  (net 17 /F_D6_IO)
  (net 18 /F_D3_IO)
  (net 19 /F_D0_IO)
  (net 20 /F_A23_O)
  (net 21 /F_A20_O)
  (net 22 /F_A17_O)
  (net 23 /F_A14_O)
  (net 24 /F_A11_O)
  (net 25 /F_A8_O)
  (net 26 /F_A4_O)
  (net 27 /F_A1_O)
  (net 28 /F_D14_IO)
  (net 29 /F_D11_IO)
  (net 30 /F_D8_IO)
  (net 31 /F_D5_IO)
  (net 32 /F_D2_IO)
  (net 33 /F_A22_O)
  (net 34 /F_A19_O)
  (net 35 /F_A16_O)
  (net 36 /F_A13_O)
  (net 37 /F_A10_O)
  (net 38 /F_A7_O)
  (net 39 /F_A3_O)
  (net 40 /F_~BHE~_O)
  (net 41 /F_D13_IO)
  (net 42 /F_D10_IO)
  (net 43 /F_D7_IO)
  (net 44 /F_D4_IO)
  (net 45 /F_D1_IO)
  (net 46 /F_A21_O)
  (net 47 /F_A18_O)
  (net 48 /F_A15_O)
  (net 49 /F_A12_O)
  (net 50 /F_A9_O)
  (net 51 /F_A6_O)
  (net 52 "Net-(U1-Pad4)")
  (net 53 /F_CLK_I)
  (net 54 /F_RST_I)
  (net 55 "Net-(U2-Pad4)")
  (net 56 /F_HOLD_I)
  (net 57 /F_~READY~_I)
  (net 58 /F_~FLT~_I)
  (net 59 /F_~BUSY~_I)
  (net 60 /F_~ERROR~_I)
  (net 61 /F_PEREQ_I)
  (net 62 /F_NMI_I)
  (net 63 /F_INTR_I)
  (net 64 +3V3)
  (net 65 GND)
  (net 66 /~BLE)
  (net 67 /A1)
  (net 68 /~BHE)
  (net 69 /A2)
  (net 70 /A3)
  (net 71 /A4)
  (net 72 /A5)
  (net 73 /A6)
  (net 74 /A7)
  (net 75 /A8)
  (net 76 /A9)
  (net 77 /A10)
  (net 78 /A11)
  (net 79 /A12)
  (net 80 /A13)
  (net 81 /A14)
  (net 82 /A15)
  (net 83 /A16)
  (net 84 /A17)
  (net 85 /A18)
  (net 86 /A19)
  (net 87 /A20)
  (net 88 /A21)
  (net 89 /A22)
  (net 90 /A23)
  (net 91 /D0)
  (net 92 /D~C~_O)
  (net 93 /W~R~_O)
  (net 94 /D15)
  (net 95 /D14)
  (net 96 /D13)
  (net 97 /D12)
  (net 98 /D11)
  (net 99 /D10)
  (net 100 /D9)
  (net 101 /D8)
  (net 102 /D7)
  (net 103 /D6)
  (net 104 /D5)
  (net 105 /D4)
  (net 106 /D3)
  (net 107 /D2)
  (net 108 /D1)
  (net 109 /~LOCK~_O)
  (net 110 /~ADS~_O)
  (net 111 /M~IO~_O)
  (net 112 /HLDA_RAW)
  (net 113 /W~R~_O_RAW)

  (net_class Default "This is the default net class."
    (clearance 0.2)
    (trace_width 0.25)
    (via_dia 0.8)
    (via_drill 0.4)
    (uvia_dia 0.3)
    (uvia_drill 0.1)
    (add_net +3V3)
    (add_net +5V)
    (add_net /A1)
    (add_net /A10)
    (add_net /A11)
    (add_net /A12)
    (add_net /A13)
    (add_net /A14)
    (add_net /A15)
    (add_net /A16)
    (add_net /A17)
    (add_net /A18)
    (add_net /A19)
    (add_net /A2)
    (add_net /A20)
    (add_net /A21)
    (add_net /A22)
    (add_net /A23)
    (add_net /A3)
    (add_net /A4)
    (add_net /A5)
    (add_net /A6)
    (add_net /A7)
    (add_net /A8)
    (add_net /A9)
    (add_net /D0)
    (add_net /D1)
    (add_net /D10)
    (add_net /D11)
    (add_net /D12)
    (add_net /D13)
    (add_net /D14)
    (add_net /D15)
    (add_net /D2)
    (add_net /D3)
    (add_net /D4)
    (add_net /D5)
    (add_net /D6)
    (add_net /D7)
    (add_net /D8)
    (add_net /D9)
    (add_net /D~C~_O)
    (add_net /F_A10_O)
    (add_net /F_A11_O)
    (add_net /F_A12_O)
    (add_net /F_A13_O)
    (add_net /F_A14_O)
    (add_net /F_A15_O)
    (add_net /F_A16_O)
    (add_net /F_A17_O)
    (add_net /F_A18_O)
    (add_net /F_A19_O)
    (add_net /F_A1_O)
    (add_net /F_A20_O)
    (add_net /F_A21_O)
    (add_net /F_A22_O)
    (add_net /F_A23_O)
    (add_net /F_A2_O)
    (add_net /F_A3_O)
    (add_net /F_A4_O)
    (add_net /F_A5_O)
    (add_net /F_A6_O)
    (add_net /F_A7_O)
    (add_net /F_A8_O)
    (add_net /F_A9_O)
    (add_net /F_CLK_I)
    (add_net /F_D0_IO)
    (add_net /F_D10_IO)
    (add_net /F_D11_IO)
    (add_net /F_D12_IO)
    (add_net /F_D13_IO)
    (add_net /F_D14_IO)
    (add_net /F_D15_IO)
    (add_net /F_D1_IO)
    (add_net /F_D2_IO)
    (add_net /F_D3_IO)
    (add_net /F_D4_IO)
    (add_net /F_D5_IO)
    (add_net /F_D6_IO)
    (add_net /F_D7_IO)
    (add_net /F_D8_IO)
    (add_net /F_D9_IO)
    (add_net /F_D~C~_O)
    (add_net /F_HLDA_O)
    (add_net /F_HOLD_I)
    (add_net /F_INTR_I)
    (add_net /F_M~IO~_O)
    (add_net /F_NMI_I)
    (add_net /F_PEREQ_I)
    (add_net /F_RST_I)
    (add_net /F_W~R~_O)
    (add_net /F_~ADS~_O)
    (add_net /F_~BHE~_O)
    (add_net /F_~BLE~_O)
    (add_net /F_~BUSY~_I)
    (add_net /F_~ERROR~_I)
    (add_net /F_~FLT~_I)
    (add_net /F_~LOCK~_O)
    (add_net /F_~READY~_I)
    (add_net /HLDA_RAW)
    (add_net /M~IO~_O)
    (add_net /W~R~_O)
    (add_net /W~R~_O_RAW)
    (add_net /~ADS~_O)
    (add_net /~BHE)
    (add_net /~BLE)
    (add_net /~LOCK~_O)
    (add_net GND)
    (add_net "Net-(R1-Pad1)")
    (add_net "Net-(R3-Pad1)")
    (add_net "Net-(R4-Pad1)")
    (add_net "Net-(U1-Pad4)")
    (add_net "Net-(U2-Pad4)")
  )

  (module Connector_PinHeader_2.54mm:PinHeader_2x32_P2.54mm_Vertical locked (layer F.Cu) (tedit 59FED5CC) (tstamp 5ED66889)
    (at 31.86 27.96)
    (descr "Through hole straight pin header, 2x32, 2.54mm pitch, double rows")
    (tags "Through hole pin header THT 2x32 2.54mm double row")
    (path /5EEA4699)
    (fp_text reference U8 (at 5.64 0.44) (layer F.SilkS)
      (effects (font (size 1 1) (thickness 0.15)))
    )
    (fp_text value Conn_02x32_Odd_Even (at 1.54 68.64 90) (layer F.Fab)
      (effects (font (size 1 1) (thickness 0.15)))
    )
    (fp_line (start 4.35 -1.8) (end -1.8 -1.8) (layer F.CrtYd) (width 0.05))
    (fp_line (start 4.35 80.55) (end 4.35 -1.8) (layer F.CrtYd) (width 0.05))
    (fp_line (start -1.8 80.55) (end 4.35 80.55) (layer F.CrtYd) (width 0.05))
    (fp_line (start -1.8 -1.8) (end -1.8 80.55) (layer F.CrtYd) (width 0.05))
    (fp_line (start -1.33 -1.33) (end 0 -1.33) (layer F.SilkS) (width 0.12))
    (fp_line (start -1.33 0) (end -1.33 -1.33) (layer F.SilkS) (width 0.12))
    (fp_line (start 1.27 -1.33) (end 3.87 -1.33) (layer F.SilkS) (width 0.12))
    (fp_line (start 1.27 1.27) (end 1.27 -1.33) (layer F.SilkS) (width 0.12))
    (fp_line (start -1.33 1.27) (end 1.27 1.27) (layer F.SilkS) (width 0.12))
    (fp_line (start 3.87 -1.33) (end 3.87 80.07) (layer F.SilkS) (width 0.12))
    (fp_line (start -1.33 1.27) (end -1.33 80.07) (layer F.SilkS) (width 0.12))
    (fp_line (start -1.33 80.07) (end 3.87 80.07) (layer F.SilkS) (width 0.12))
    (fp_line (start -1.27 0) (end 0 -1.27) (layer F.Fab) (width 0.1))
    (fp_line (start -1.27 80.01) (end -1.27 0) (layer F.Fab) (width 0.1))
    (fp_line (start 3.81 80.01) (end -1.27 80.01) (layer F.Fab) (width 0.1))
    (fp_line (start 3.81 -1.27) (end 3.81 80.01) (layer F.Fab) (width 0.1))
    (fp_line (start 0 -1.27) (end 3.81 -1.27) (layer F.Fab) (width 0.1))
    (fp_text user %R (at 1.27 39.37 90) (layer F.Fab)
      (effects (font (size 1 1) (thickness 0.15)))
    )
    (pad 1 thru_hole rect (at 0 0) (size 1.7 1.7) (drill 1) (layers *.Cu *.Mask)
      (net 65 GND))
    (pad 2 thru_hole oval (at 2.54 0) (size 1.7 1.7) (drill 1) (layers *.Cu *.Mask)
      (net 65 GND))
    (pad 3 thru_hole oval (at 0 2.54) (size 1.7 1.7) (drill 1) (layers *.Cu *.Mask)
      (net 64 +3V3))
    (pad 4 thru_hole oval (at 2.54 2.54) (size 1.7 1.7) (drill 1) (layers *.Cu *.Mask)
      (net 64 +3V3))
    (pad 5 thru_hole oval (at 0 5.08) (size 1.7 1.7) (drill 1) (layers *.Cu *.Mask)
      (net 65 GND))
    (pad 6 thru_hole oval (at 2.54 5.08) (size 1.7 1.7) (drill 1) (layers *.Cu *.Mask)
      (net 65 GND))
    (pad 7 thru_hole oval (at 0 7.62) (size 1.7 1.7) (drill 1) (layers *.Cu *.Mask)
      (net 27 /F_A1_O))
    (pad 8 thru_hole oval (at 2.54 7.62) (size 1.7 1.7) (drill 1) (layers *.Cu *.Mask)
      (net 13 /F_~BLE~_O))
    (pad 9 thru_hole oval (at 0 10.16) (size 1.7 1.7) (drill 1) (layers *.Cu *.Mask)
      (net 12 /F_A2_O))
    (pad 10 thru_hole oval (at 2.54 10.16) (size 1.7 1.7) (drill 1) (layers *.Cu *.Mask)
      (net 40 /F_~BHE~_O))
    (pad 11 thru_hole oval (at 0 12.7) (size 1.7 1.7) (drill 1) (layers *.Cu *.Mask)
      (net 26 /F_A4_O))
    (pad 12 thru_hole oval (at 2.54 12.7) (size 1.7 1.7) (drill 1) (layers *.Cu *.Mask)
      (net 39 /F_A3_O))
    (pad 13 thru_hole oval (at 0 15.24) (size 1.7 1.7) (drill 1) (layers *.Cu *.Mask)
      (net 51 /F_A6_O))
    (pad 14 thru_hole oval (at 2.54 15.24) (size 1.7 1.7) (drill 1) (layers *.Cu *.Mask)
      (net 11 /F_A5_O))
    (pad 15 thru_hole oval (at 0 17.78) (size 1.7 1.7) (drill 1) (layers *.Cu *.Mask)
      (net 25 /F_A8_O))
    (pad 16 thru_hole oval (at 2.54 17.78) (size 1.7 1.7) (drill 1) (layers *.Cu *.Mask)
      (net 38 /F_A7_O))
    (pad 17 thru_hole oval (at 0 20.32) (size 1.7 1.7) (drill 1) (layers *.Cu *.Mask)
      (net 37 /F_A10_O))
    (pad 18 thru_hole oval (at 2.54 20.32) (size 1.7 1.7) (drill 1) (layers *.Cu *.Mask)
      (net 50 /F_A9_O))
    (pad 19 thru_hole oval (at 0 22.86) (size 1.7 1.7) (drill 1) (layers *.Cu *.Mask)
      (net 49 /F_A12_O))
    (pad 20 thru_hole oval (at 2.54 22.86) (size 1.7 1.7) (drill 1) (layers *.Cu *.Mask)
      (net 24 /F_A11_O))
    (pad 21 thru_hole oval (at 0 25.4) (size 1.7 1.7) (drill 1) (layers *.Cu *.Mask)
      (net 23 /F_A14_O))
    (pad 22 thru_hole oval (at 2.54 25.4) (size 1.7 1.7) (drill 1) (layers *.Cu *.Mask)
      (net 36 /F_A13_O))
    (pad 23 thru_hole oval (at 0 27.94) (size 1.7 1.7) (drill 1) (layers *.Cu *.Mask)
      (net 35 /F_A16_O))
    (pad 24 thru_hole oval (at 2.54 27.94) (size 1.7 1.7) (drill 1) (layers *.Cu *.Mask)
      (net 48 /F_A15_O))
    (pad 25 thru_hole oval (at 0 30.48) (size 1.7 1.7) (drill 1) (layers *.Cu *.Mask)
      (net 47 /F_A18_O))
    (pad 26 thru_hole oval (at 2.54 30.48) (size 1.7 1.7) (drill 1) (layers *.Cu *.Mask)
      (net 22 /F_A17_O))
    (pad 27 thru_hole oval (at 0 33.02) (size 1.7 1.7) (drill 1) (layers *.Cu *.Mask)
      (net 21 /F_A20_O))
    (pad 28 thru_hole oval (at 2.54 33.02) (size 1.7 1.7) (drill 1) (layers *.Cu *.Mask)
      (net 34 /F_A19_O))
    (pad 29 thru_hole oval (at 0 35.56) (size 1.7 1.7) (drill 1) (layers *.Cu *.Mask)
      (net 33 /F_A22_O))
    (pad 30 thru_hole oval (at 2.54 35.56) (size 1.7 1.7) (drill 1) (layers *.Cu *.Mask)
      (net 46 /F_A21_O))
    (pad 31 thru_hole oval (at 0 38.1) (size 1.7 1.7) (drill 1) (layers *.Cu *.Mask)
      (net 10 /F_HLDA_O))
    (pad 32 thru_hole oval (at 2.54 38.1) (size 1.7 1.7) (drill 1) (layers *.Cu *.Mask)
      (net 20 /F_A23_O))
    (pad 33 thru_hole oval (at 0 40.64) (size 1.7 1.7) (drill 1) (layers *.Cu *.Mask)
      (net 28 /F_D14_IO))
    (pad 34 thru_hole oval (at 2.54 40.64) (size 1.7 1.7) (drill 1) (layers *.Cu *.Mask)
      (net 14 /F_D15_IO))
    (pad 35 thru_hole oval (at 0 43.18) (size 1.7 1.7) (drill 1) (layers *.Cu *.Mask)
      (net 15 /F_D12_IO))
    (pad 36 thru_hole oval (at 2.54 43.18) (size 1.7 1.7) (drill 1) (layers *.Cu *.Mask)
      (net 41 /F_D13_IO))
    (pad 37 thru_hole oval (at 0 45.72) (size 1.7 1.7) (drill 1) (layers *.Cu *.Mask)
      (net 42 /F_D10_IO))
    (pad 38 thru_hole oval (at 2.54 45.72) (size 1.7 1.7) (drill 1) (layers *.Cu *.Mask)
      (net 29 /F_D11_IO))
    (pad 39 thru_hole oval (at 0 48.26) (size 1.7 1.7) (drill 1) (layers *.Cu *.Mask)
      (net 30 /F_D8_IO))
    (pad 40 thru_hole oval (at 2.54 48.26) (size 1.7 1.7) (drill 1) (layers *.Cu *.Mask)
      (net 16 /F_D9_IO))
    (pad 41 thru_hole oval (at 0 50.8) (size 1.7 1.7) (drill 1) (layers *.Cu *.Mask)
      (net 17 /F_D6_IO))
    (pad 42 thru_hole oval (at 2.54 50.8) (size 1.7 1.7) (drill 1) (layers *.Cu *.Mask)
      (net 43 /F_D7_IO))
    (pad 43 thru_hole oval (at 0 53.34) (size 1.7 1.7) (drill 1) (layers *.Cu *.Mask)
      (net 44 /F_D4_IO))
    (pad 44 thru_hole oval (at 2.54 53.34) (size 1.7 1.7) (drill 1) (layers *.Cu *.Mask)
      (net 31 /F_D5_IO))
    (pad 45 thru_hole oval (at 0 55.88) (size 1.7 1.7) (drill 1) (layers *.Cu *.Mask)
      (net 32 /F_D2_IO))
    (pad 46 thru_hole oval (at 2.54 55.88) (size 1.7 1.7) (drill 1) (layers *.Cu *.Mask)
      (net 18 /F_D3_IO))
    (pad 47 thru_hole oval (at 0 58.42) (size 1.7 1.7) (drill 1) (layers *.Cu *.Mask)
      (net 19 /F_D0_IO))
    (pad 48 thru_hole oval (at 2.54 58.42) (size 1.7 1.7) (drill 1) (layers *.Cu *.Mask)
      (net 45 /F_D1_IO))
    (pad 49 thru_hole oval (at 0 60.96) (size 1.7 1.7) (drill 1) (layers *.Cu *.Mask)
      (net 57 /F_~READY~_I))
    (pad 50 thru_hole oval (at 2.54 60.96) (size 1.7 1.7) (drill 1) (layers *.Cu *.Mask)
      (net 56 /F_HOLD_I))
    (pad 51 thru_hole oval (at 0 63.5) (size 1.7 1.7) (drill 1) (layers *.Cu *.Mask)
      (net 6 /F_~ADS~_O))
    (pad 52 thru_hole oval (at 2.54 63.5) (size 1.7 1.7) (drill 1) (layers *.Cu *.Mask)
      (net 53 /F_CLK_I))
    (pad 53 thru_hole oval (at 0 66.04) (size 1.7 1.7) (drill 1) (layers *.Cu *.Mask)
      (net 5 /F_M~IO~_O))
    (pad 54 thru_hole oval (at 2.54 66.04) (size 1.7 1.7) (drill 1) (layers *.Cu *.Mask)
      (net 7 /F_D~C~_O))
    (pad 55 thru_hole oval (at 0 68.58) (size 1.7 1.7) (drill 1) (layers *.Cu *.Mask)
      (net 9 /F_W~R~_O))
    (pad 56 thru_hole oval (at 2.54 68.58) (size 1.7 1.7) (drill 1) (layers *.Cu *.Mask)
      (net 8 /F_~LOCK~_O))
    (pad 57 thru_hole oval (at 0 71.12) (size 1.7 1.7) (drill 1) (layers *.Cu *.Mask)
      (net 58 /F_~FLT~_I))
    (pad 58 thru_hole oval (at 2.54 71.12) (size 1.7 1.7) (drill 1) (layers *.Cu *.Mask)
      (net 54 /F_RST_I))
    (pad 59 thru_hole oval (at 0 73.66) (size 1.7 1.7) (drill 1) (layers *.Cu *.Mask)
      (net 59 /F_~BUSY~_I))
    (pad 60 thru_hole oval (at 2.54 73.66) (size 1.7 1.7) (drill 1) (layers *.Cu *.Mask)
      (net 60 /F_~ERROR~_I))
    (pad 61 thru_hole oval (at 0 76.2) (size 1.7 1.7) (drill 1) (layers *.Cu *.Mask)
      (net 65 GND))
    (pad 62 thru_hole oval (at 2.54 76.2) (size 1.7 1.7) (drill 1) (layers *.Cu *.Mask)
      (net 65 GND))
    (pad 63 thru_hole oval (at 0 78.74) (size 1.7 1.7) (drill 1) (layers *.Cu *.Mask)
      (net 1 +5V))
    (pad 64 thru_hole oval (at 2.54 78.74) (size 1.7 1.7) (drill 1) (layers *.Cu *.Mask)
      (net 1 +5V))
    (model ${KISYS3DMOD}/Connector_PinHeader_2.54mm.3dshapes/PinHeader_2x32_P2.54mm_Vertical.wrl
      (at (xyz 0 0 0))
      (scale (xyz 1 1 1))
      (rotate (xyz 0 0 0))
    )
  )

  (module Package_SO:TSSOP-24_4.4x7.8mm_P0.65mm (layer F.Cu) (tedit 5E476F32) (tstamp 5F20188F)
    (at 51.3125 40.275 180)
    (descr "TSSOP, 24 Pin (JEDEC MO-153 Var AD https://www.jedec.org/document_search?search_api_views_fulltext=MO-153), generated with kicad-footprint-generator ipc_gullwing_generator.py")
    (tags "TSSOP SO")
    (path /5F24D480)
    (attr smd)
    (fp_text reference U4 (at -5.5875 -3.225 90) (layer F.SilkS)
      (effects (font (size 1 1) (thickness 0.15)))
    )
    (fp_text value SN74LVC4245A (at 0 4.85) (layer F.Fab)
      (effects (font (size 1 1) (thickness 0.15)))
    )
    (fp_line (start 3.85 -4.15) (end -3.85 -4.15) (layer F.CrtYd) (width 0.05))
    (fp_line (start 3.85 4.15) (end 3.85 -4.15) (layer F.CrtYd) (width 0.05))
    (fp_line (start -3.85 4.15) (end 3.85 4.15) (layer F.CrtYd) (width 0.05))
    (fp_line (start -3.85 -4.15) (end -3.85 4.15) (layer F.CrtYd) (width 0.05))
    (fp_line (start -2.2 -2.9) (end -1.2 -3.9) (layer F.Fab) (width 0.1))
    (fp_line (start -2.2 3.9) (end -2.2 -2.9) (layer F.Fab) (width 0.1))
    (fp_line (start 2.2 3.9) (end -2.2 3.9) (layer F.Fab) (width 0.1))
    (fp_line (start 2.2 -3.9) (end 2.2 3.9) (layer F.Fab) (width 0.1))
    (fp_line (start -1.2 -3.9) (end 2.2 -3.9) (layer F.Fab) (width 0.1))
    (fp_line (start 0 -4.035) (end -3.6 -4.035) (layer F.SilkS) (width 0.12))
    (fp_line (start 0 -4.035) (end 2.2 -4.035) (layer F.SilkS) (width 0.12))
    (fp_line (start 0 4.035) (end -2.2 4.035) (layer F.SilkS) (width 0.12))
    (fp_line (start 0 4.035) (end 2.2 4.035) (layer F.SilkS) (width 0.12))
    (fp_text user %R (at 0 0) (layer F.Fab)
      (effects (font (size 1 1) (thickness 0.15)))
    )
    (pad 1 smd roundrect (at -2.8625 -3.575 180) (size 1.475 0.4) (layers F.Cu F.Paste F.Mask) (roundrect_rratio 0.25)
      (net 1 +5V))
    (pad 2 smd roundrect (at -2.8625 -2.925 180) (size 1.475 0.4) (layers F.Cu F.Paste F.Mask) (roundrect_rratio 0.25)
      (net 1 +5V))
    (pad 3 smd roundrect (at -2.8625 -2.275 180) (size 1.475 0.4) (layers F.Cu F.Paste F.Mask) (roundrect_rratio 0.25)
      (net 76 /A9))
    (pad 4 smd roundrect (at -2.8625 -1.625 180) (size 1.475 0.4) (layers F.Cu F.Paste F.Mask) (roundrect_rratio 0.25)
      (net 75 /A8))
    (pad 5 smd roundrect (at -2.8625 -0.975 180) (size 1.475 0.4) (layers F.Cu F.Paste F.Mask) (roundrect_rratio 0.25)
      (net 74 /A7))
    (pad 6 smd roundrect (at -2.8625 -0.325 180) (size 1.475 0.4) (layers F.Cu F.Paste F.Mask) (roundrect_rratio 0.25)
      (net 73 /A6))
    (pad 7 smd roundrect (at -2.8625 0.325 180) (size 1.475 0.4) (layers F.Cu F.Paste F.Mask) (roundrect_rratio 0.25)
      (net 72 /A5))
    (pad 8 smd roundrect (at -2.8625 0.975 180) (size 1.475 0.4) (layers F.Cu F.Paste F.Mask) (roundrect_rratio 0.25)
      (net 71 /A4))
    (pad 9 smd roundrect (at -2.8625 1.625 180) (size 1.475 0.4) (layers F.Cu F.Paste F.Mask) (roundrect_rratio 0.25)
      (net 70 /A3))
    (pad 10 smd roundrect (at -2.8625 2.275 180) (size 1.475 0.4) (layers F.Cu F.Paste F.Mask) (roundrect_rratio 0.25)
      (net 69 /A2))
    (pad 11 smd roundrect (at -2.8625 2.925 180) (size 1.475 0.4) (layers F.Cu F.Paste F.Mask) (roundrect_rratio 0.25)
      (net 65 GND))
    (pad 12 smd roundrect (at -2.8625 3.575 180) (size 1.475 0.4) (layers F.Cu F.Paste F.Mask) (roundrect_rratio 0.25)
      (net 65 GND))
    (pad 13 smd roundrect (at 2.8625 3.575 180) (size 1.475 0.4) (layers F.Cu F.Paste F.Mask) (roundrect_rratio 0.25)
      (net 65 GND))
    (pad 14 smd roundrect (at 2.8625 2.925 180) (size 1.475 0.4) (layers F.Cu F.Paste F.Mask) (roundrect_rratio 0.25)
      (net 12 /F_A2_O))
    (pad 15 smd roundrect (at 2.8625 2.275 180) (size 1.475 0.4) (layers F.Cu F.Paste F.Mask) (roundrect_rratio 0.25)
      (net 39 /F_A3_O))
    (pad 16 smd roundrect (at 2.8625 1.625 180) (size 1.475 0.4) (layers F.Cu F.Paste F.Mask) (roundrect_rratio 0.25)
      (net 26 /F_A4_O))
    (pad 17 smd roundrect (at 2.8625 0.975 180) (size 1.475 0.4) (layers F.Cu F.Paste F.Mask) (roundrect_rratio 0.25)
      (net 11 /F_A5_O))
    (pad 18 smd roundrect (at 2.8625 0.325 180) (size 1.475 0.4) (layers F.Cu F.Paste F.Mask) (roundrect_rratio 0.25)
      (net 51 /F_A6_O))
    (pad 19 smd roundrect (at 2.8625 -0.325 180) (size 1.475 0.4) (layers F.Cu F.Paste F.Mask) (roundrect_rratio 0.25)
      (net 38 /F_A7_O))
    (pad 20 smd roundrect (at 2.8625 -0.975 180) (size 1.475 0.4) (layers F.Cu F.Paste F.Mask) (roundrect_rratio 0.25)
      (net 25 /F_A8_O))
    (pad 21 smd roundrect (at 2.8625 -1.625 180) (size 1.475 0.4) (layers F.Cu F.Paste F.Mask) (roundrect_rratio 0.25)
      (net 50 /F_A9_O))
    (pad 22 smd roundrect (at 2.8625 -2.275 180) (size 1.475 0.4) (layers F.Cu F.Paste F.Mask) (roundrect_rratio 0.25)
      (net 10 /F_HLDA_O))
    (pad 23 smd roundrect (at 2.8625 -2.925 180) (size 1.475 0.4) (layers F.Cu F.Paste F.Mask) (roundrect_rratio 0.25)
      (net 64 +3V3))
    (pad 24 smd roundrect (at 2.8625 -3.575 180) (size 1.475 0.4) (layers F.Cu F.Paste F.Mask) (roundrect_rratio 0.25)
      (net 64 +3V3))
    (model ${KISYS3DMOD}/Package_SO.3dshapes/TSSOP-24_4.4x7.8mm_P0.65mm.wrl
      (at (xyz 0 0 0))
      (scale (xyz 1 1 1))
      (rotate (xyz 0 0 0))
    )
  )

  (module Capacitor_SMD:C_0805_2012Metric_Pad1.15x1.40mm_HandSolder (layer B.Cu) (tedit 5B36C52B) (tstamp 5ED662D3)
    (at 71.125 72.7)
    (descr "Capacitor SMD 0805 (2012 Metric), square (rectangular) end terminal, IPC_7351 nominal with elongated pad for handsoldering. (Body size source: https://docs.google.com/spreadsheets/d/1BsfQQcO9C6DZCsRaXUlFlo91Tg2WpOkGARC1WS5S8t0/edit?usp=sharing), generated with kicad-footprint-generator")
    (tags "capacitor handsolder")
    (path /5FA8733D)
    (attr smd)
    (fp_text reference C1 (at 0 1.65) (layer B.SilkS)
      (effects (font (size 1 1) (thickness 0.15)) (justify mirror))
    )
    (fp_text value 100n (at 0 -1.65) (layer B.Fab)
      (effects (font (size 1 1) (thickness 0.15)) (justify mirror))
    )
    (fp_line (start -1 -0.6) (end -1 0.6) (layer B.Fab) (width 0.1))
    (fp_line (start -1 0.6) (end 1 0.6) (layer B.Fab) (width 0.1))
    (fp_line (start 1 0.6) (end 1 -0.6) (layer B.Fab) (width 0.1))
    (fp_line (start 1 -0.6) (end -1 -0.6) (layer B.Fab) (width 0.1))
    (fp_line (start -0.261252 0.71) (end 0.261252 0.71) (layer B.SilkS) (width 0.12))
    (fp_line (start -0.261252 -0.71) (end 0.261252 -0.71) (layer B.SilkS) (width 0.12))
    (fp_line (start -1.85 -0.95) (end -1.85 0.95) (layer B.CrtYd) (width 0.05))
    (fp_line (start -1.85 0.95) (end 1.85 0.95) (layer B.CrtYd) (width 0.05))
    (fp_line (start 1.85 0.95) (end 1.85 -0.95) (layer B.CrtYd) (width 0.05))
    (fp_line (start 1.85 -0.95) (end -1.85 -0.95) (layer B.CrtYd) (width 0.05))
    (fp_text user %R (at 0 0) (layer B.Fab)
      (effects (font (size 0.5 0.5) (thickness 0.08)) (justify mirror))
    )
    (pad 2 smd roundrect (at 1.025 0) (size 1.15 1.4) (layers B.Cu B.Paste B.Mask) (roundrect_rratio 0.217391)
      (net 65 GND))
    (pad 1 smd roundrect (at -1.025 0) (size 1.15 1.4) (layers B.Cu B.Paste B.Mask) (roundrect_rratio 0.217391)
      (net 1 +5V))
    (model ${KISYS3DMOD}/Capacitor_SMD.3dshapes/C_0805_2012Metric.wrl
      (at (xyz 0 0 0))
      (scale (xyz 1 1 1))
      (rotate (xyz 0 0 0))
    )
  )

  (module Capacitor_SMD:C_0805_2012Metric_Pad1.15x1.40mm_HandSolder (layer B.Cu) (tedit 5B36C52B) (tstamp 5ED662E4)
    (at 75.575 72.7 180)
    (descr "Capacitor SMD 0805 (2012 Metric), square (rectangular) end terminal, IPC_7351 nominal with elongated pad for handsoldering. (Body size source: https://docs.google.com/spreadsheets/d/1BsfQQcO9C6DZCsRaXUlFlo91Tg2WpOkGARC1WS5S8t0/edit?usp=sharing), generated with kicad-footprint-generator")
    (tags "capacitor handsolder")
    (path /5FB07E93)
    (attr smd)
    (fp_text reference C2 (at -2.925 0.5) (layer B.SilkS)
      (effects (font (size 1 1) (thickness 0.15)) (justify mirror))
    )
    (fp_text value 100n (at 0 -1.65) (layer B.Fab)
      (effects (font (size 1 1) (thickness 0.15)) (justify mirror))
    )
    (fp_line (start 1.85 -0.95) (end -1.85 -0.95) (layer B.CrtYd) (width 0.05))
    (fp_line (start 1.85 0.95) (end 1.85 -0.95) (layer B.CrtYd) (width 0.05))
    (fp_line (start -1.85 0.95) (end 1.85 0.95) (layer B.CrtYd) (width 0.05))
    (fp_line (start -1.85 -0.95) (end -1.85 0.95) (layer B.CrtYd) (width 0.05))
    (fp_line (start -0.261252 -0.71) (end 0.261252 -0.71) (layer B.SilkS) (width 0.12))
    (fp_line (start -0.261252 0.71) (end 0.261252 0.71) (layer B.SilkS) (width 0.12))
    (fp_line (start 1 -0.6) (end -1 -0.6) (layer B.Fab) (width 0.1))
    (fp_line (start 1 0.6) (end 1 -0.6) (layer B.Fab) (width 0.1))
    (fp_line (start -1 0.6) (end 1 0.6) (layer B.Fab) (width 0.1))
    (fp_line (start -1 -0.6) (end -1 0.6) (layer B.Fab) (width 0.1))
    (fp_text user %R (at 0 0) (layer B.Fab)
      (effects (font (size 0.5 0.5) (thickness 0.08)) (justify mirror))
    )
    (pad 1 smd roundrect (at -1.025 0 180) (size 1.15 1.4) (layers B.Cu B.Paste B.Mask) (roundrect_rratio 0.217391)
      (net 1 +5V))
    (pad 2 smd roundrect (at 1.025 0 180) (size 1.15 1.4) (layers B.Cu B.Paste B.Mask) (roundrect_rratio 0.217391)
      (net 65 GND))
    (model ${KISYS3DMOD}/Capacitor_SMD.3dshapes/C_0805_2012Metric.wrl
      (at (xyz 0 0 0))
      (scale (xyz 1 1 1))
      (rotate (xyz 0 0 0))
    )
  )

  (module Capacitor_SMD:C_0805_2012Metric_Pad1.15x1.40mm_HandSolder (layer B.Cu) (tedit 5B36C52B) (tstamp 5ED662F5)
    (at 77.175 70.3 180)
    (descr "Capacitor SMD 0805 (2012 Metric), square (rectangular) end terminal, IPC_7351 nominal with elongated pad for handsoldering. (Body size source: https://docs.google.com/spreadsheets/d/1BsfQQcO9C6DZCsRaXUlFlo91Tg2WpOkGARC1WS5S8t0/edit?usp=sharing), generated with kicad-footprint-generator")
    (tags "capacitor handsolder")
    (path /5F5B5DC2)
    (attr smd)
    (fp_text reference C3 (at -3.225 0) (layer B.SilkS)
      (effects (font (size 1 1) (thickness 0.15)) (justify mirror))
    )
    (fp_text value 100n (at 0 -1.65) (layer B.Fab)
      (effects (font (size 1 1) (thickness 0.15)) (justify mirror))
    )
    (fp_line (start 1.85 -0.95) (end -1.85 -0.95) (layer B.CrtYd) (width 0.05))
    (fp_line (start 1.85 0.95) (end 1.85 -0.95) (layer B.CrtYd) (width 0.05))
    (fp_line (start -1.85 0.95) (end 1.85 0.95) (layer B.CrtYd) (width 0.05))
    (fp_line (start -1.85 -0.95) (end -1.85 0.95) (layer B.CrtYd) (width 0.05))
    (fp_line (start -0.261252 -0.71) (end 0.261252 -0.71) (layer B.SilkS) (width 0.12))
    (fp_line (start -0.261252 0.71) (end 0.261252 0.71) (layer B.SilkS) (width 0.12))
    (fp_line (start 1 -0.6) (end -1 -0.6) (layer B.Fab) (width 0.1))
    (fp_line (start 1 0.6) (end 1 -0.6) (layer B.Fab) (width 0.1))
    (fp_line (start -1 0.6) (end 1 0.6) (layer B.Fab) (width 0.1))
    (fp_line (start -1 -0.6) (end -1 0.6) (layer B.Fab) (width 0.1))
    (fp_text user %R (at 0 0) (layer B.Fab)
      (effects (font (size 0.5 0.5) (thickness 0.08)) (justify mirror))
    )
    (pad 1 smd roundrect (at -1.025 0 180) (size 1.15 1.4) (layers B.Cu B.Paste B.Mask) (roundrect_rratio 0.217391)
      (net 1 +5V))
    (pad 2 smd roundrect (at 1.025 0 180) (size 1.15 1.4) (layers B.Cu B.Paste B.Mask) (roundrect_rratio 0.217391)
      (net 65 GND))
    (model ${KISYS3DMOD}/Capacitor_SMD.3dshapes/C_0805_2012Metric.wrl
      (at (xyz 0 0 0))
      (scale (xyz 1 1 1))
      (rotate (xyz 0 0 0))
    )
  )

  (module Capacitor_SMD:C_0805_2012Metric_Pad1.15x1.40mm_HandSolder (layer B.Cu) (tedit 5B36C52B) (tstamp 5ED66306)
    (at 77.175 66.8 180)
    (descr "Capacitor SMD 0805 (2012 Metric), square (rectangular) end terminal, IPC_7351 nominal with elongated pad for handsoldering. (Body size source: https://docs.google.com/spreadsheets/d/1BsfQQcO9C6DZCsRaXUlFlo91Tg2WpOkGARC1WS5S8t0/edit?usp=sharing), generated with kicad-footprint-generator")
    (tags "capacitor handsolder")
    (path /5FB08929)
    (attr smd)
    (fp_text reference C4 (at -3.325 0) (layer B.SilkS)
      (effects (font (size 1 1) (thickness 0.15)) (justify mirror))
    )
    (fp_text value 100n (at 0 -1.65) (layer B.Fab)
      (effects (font (size 1 1) (thickness 0.15)) (justify mirror))
    )
    (fp_line (start -1 -0.6) (end -1 0.6) (layer B.Fab) (width 0.1))
    (fp_line (start -1 0.6) (end 1 0.6) (layer B.Fab) (width 0.1))
    (fp_line (start 1 0.6) (end 1 -0.6) (layer B.Fab) (width 0.1))
    (fp_line (start 1 -0.6) (end -1 -0.6) (layer B.Fab) (width 0.1))
    (fp_line (start -0.261252 0.71) (end 0.261252 0.71) (layer B.SilkS) (width 0.12))
    (fp_line (start -0.261252 -0.71) (end 0.261252 -0.71) (layer B.SilkS) (width 0.12))
    (fp_line (start -1.85 -0.95) (end -1.85 0.95) (layer B.CrtYd) (width 0.05))
    (fp_line (start -1.85 0.95) (end 1.85 0.95) (layer B.CrtYd) (width 0.05))
    (fp_line (start 1.85 0.95) (end 1.85 -0.95) (layer B.CrtYd) (width 0.05))
    (fp_line (start 1.85 -0.95) (end -1.85 -0.95) (layer B.CrtYd) (width 0.05))
    (fp_text user %R (at 0 0) (layer B.Fab)
      (effects (font (size 0.5 0.5) (thickness 0.08)) (justify mirror))
    )
    (pad 2 smd roundrect (at 1.025 0 180) (size 1.15 1.4) (layers B.Cu B.Paste B.Mask) (roundrect_rratio 0.217391)
      (net 65 GND))
    (pad 1 smd roundrect (at -1.025 0 180) (size 1.15 1.4) (layers B.Cu B.Paste B.Mask) (roundrect_rratio 0.217391)
      (net 1 +5V))
    (model ${KISYS3DMOD}/Capacitor_SMD.3dshapes/C_0805_2012Metric.wrl
      (at (xyz 0 0 0))
      (scale (xyz 1 1 1))
      (rotate (xyz 0 0 0))
    )
  )

  (module Capacitor_SMD:C_0805_2012Metric_Pad1.15x1.40mm_HandSolder (layer B.Cu) (tedit 5B36C52B) (tstamp 5ED66317)
    (at 77.175 64.8 180)
    (descr "Capacitor SMD 0805 (2012 Metric), square (rectangular) end terminal, IPC_7351 nominal with elongated pad for handsoldering. (Body size source: https://docs.google.com/spreadsheets/d/1BsfQQcO9C6DZCsRaXUlFlo91Tg2WpOkGARC1WS5S8t0/edit?usp=sharing), generated with kicad-footprint-generator")
    (tags "capacitor handsolder")
    (path /5FA87B2D)
    (attr smd)
    (fp_text reference C5 (at -3.225 0) (layer B.SilkS)
      (effects (font (size 1 1) (thickness 0.15)) (justify mirror))
    )
    (fp_text value 100n (at 0 -1.65) (layer B.Fab)
      (effects (font (size 1 1) (thickness 0.15)) (justify mirror))
    )
    (fp_line (start 1.85 -0.95) (end -1.85 -0.95) (layer B.CrtYd) (width 0.05))
    (fp_line (start 1.85 0.95) (end 1.85 -0.95) (layer B.CrtYd) (width 0.05))
    (fp_line (start -1.85 0.95) (end 1.85 0.95) (layer B.CrtYd) (width 0.05))
    (fp_line (start -1.85 -0.95) (end -1.85 0.95) (layer B.CrtYd) (width 0.05))
    (fp_line (start -0.261252 -0.71) (end 0.261252 -0.71) (layer B.SilkS) (width 0.12))
    (fp_line (start -0.261252 0.71) (end 0.261252 0.71) (layer B.SilkS) (width 0.12))
    (fp_line (start 1 -0.6) (end -1 -0.6) (layer B.Fab) (width 0.1))
    (fp_line (start 1 0.6) (end 1 -0.6) (layer B.Fab) (width 0.1))
    (fp_line (start -1 0.6) (end 1 0.6) (layer B.Fab) (width 0.1))
    (fp_line (start -1 -0.6) (end -1 0.6) (layer B.Fab) (width 0.1))
    (fp_text user %R (at 0 0) (layer B.Fab)
      (effects (font (size 0.5 0.5) (thickness 0.08)) (justify mirror))
    )
    (pad 1 smd roundrect (at -1.025 0 180) (size 1.15 1.4) (layers B.Cu B.Paste B.Mask) (roundrect_rratio 0.217391)
      (net 1 +5V))
    (pad 2 smd roundrect (at 1.025 0 180) (size 1.15 1.4) (layers B.Cu B.Paste B.Mask) (roundrect_rratio 0.217391)
      (net 65 GND))
    (model ${KISYS3DMOD}/Capacitor_SMD.3dshapes/C_0805_2012Metric.wrl
      (at (xyz 0 0 0))
      (scale (xyz 1 1 1))
      (rotate (xyz 0 0 0))
    )
  )

  (module Capacitor_SMD:C_0805_2012Metric_Pad1.15x1.40mm_HandSolder (layer B.Cu) (tedit 5B36C52B) (tstamp 5ED66328)
    (at 74.575 62 180)
    (descr "Capacitor SMD 0805 (2012 Metric), square (rectangular) end terminal, IPC_7351 nominal with elongated pad for handsoldering. (Body size source: https://docs.google.com/spreadsheets/d/1BsfQQcO9C6DZCsRaXUlFlo91Tg2WpOkGARC1WS5S8t0/edit?usp=sharing), generated with kicad-footprint-generator")
    (tags "capacitor handsolder")
    (path /5FB08E08)
    (attr smd)
    (fp_text reference C6 (at 0 1.65) (layer B.SilkS)
      (effects (font (size 1 1) (thickness 0.15)) (justify mirror))
    )
    (fp_text value 100n (at 0 -1.65) (layer B.Fab)
      (effects (font (size 1 1) (thickness 0.15)) (justify mirror))
    )
    (fp_line (start 1.85 -0.95) (end -1.85 -0.95) (layer B.CrtYd) (width 0.05))
    (fp_line (start 1.85 0.95) (end 1.85 -0.95) (layer B.CrtYd) (width 0.05))
    (fp_line (start -1.85 0.95) (end 1.85 0.95) (layer B.CrtYd) (width 0.05))
    (fp_line (start -1.85 -0.95) (end -1.85 0.95) (layer B.CrtYd) (width 0.05))
    (fp_line (start -0.261252 -0.71) (end 0.261252 -0.71) (layer B.SilkS) (width 0.12))
    (fp_line (start -0.261252 0.71) (end 0.261252 0.71) (layer B.SilkS) (width 0.12))
    (fp_line (start 1 -0.6) (end -1 -0.6) (layer B.Fab) (width 0.1))
    (fp_line (start 1 0.6) (end 1 -0.6) (layer B.Fab) (width 0.1))
    (fp_line (start -1 0.6) (end 1 0.6) (layer B.Fab) (width 0.1))
    (fp_line (start -1 -0.6) (end -1 0.6) (layer B.Fab) (width 0.1))
    (fp_text user %R (at 0 0) (layer B.Fab)
      (effects (font (size 0.5 0.5) (thickness 0.08)) (justify mirror))
    )
    (pad 1 smd roundrect (at -1.025 0 180) (size 1.15 1.4) (layers B.Cu B.Paste B.Mask) (roundrect_rratio 0.217391)
      (net 1 +5V))
    (pad 2 smd roundrect (at 1.025 0 180) (size 1.15 1.4) (layers B.Cu B.Paste B.Mask) (roundrect_rratio 0.217391)
      (net 65 GND))
    (model ${KISYS3DMOD}/Capacitor_SMD.3dshapes/C_0805_2012Metric.wrl
      (at (xyz 0 0 0))
      (scale (xyz 1 1 1))
      (rotate (xyz 0 0 0))
    )
  )

  (module Capacitor_SMD:C_0805_2012Metric_Pad1.15x1.40mm_HandSolder (layer B.Cu) (tedit 5B36C52B) (tstamp 5ED7755D)
    (at 70.625 62)
    (descr "Capacitor SMD 0805 (2012 Metric), square (rectangular) end terminal, IPC_7351 nominal with elongated pad for handsoldering. (Body size source: https://docs.google.com/spreadsheets/d/1BsfQQcO9C6DZCsRaXUlFlo91Tg2WpOkGARC1WS5S8t0/edit?usp=sharing), generated with kicad-footprint-generator")
    (tags "capacitor handsolder")
    (path /5FA87E8E)
    (attr smd)
    (fp_text reference C7 (at -0.025 -1.7 180) (layer B.SilkS)
      (effects (font (size 1 1) (thickness 0.15)) (justify mirror))
    )
    (fp_text value 100n (at 0 -1.65 180) (layer B.Fab)
      (effects (font (size 1 1) (thickness 0.15)) (justify mirror))
    )
    (fp_line (start -1 -0.6) (end -1 0.6) (layer B.Fab) (width 0.1))
    (fp_line (start -1 0.6) (end 1 0.6) (layer B.Fab) (width 0.1))
    (fp_line (start 1 0.6) (end 1 -0.6) (layer B.Fab) (width 0.1))
    (fp_line (start 1 -0.6) (end -1 -0.6) (layer B.Fab) (width 0.1))
    (fp_line (start -0.261252 0.71) (end 0.261252 0.71) (layer B.SilkS) (width 0.12))
    (fp_line (start -0.261252 -0.71) (end 0.261252 -0.71) (layer B.SilkS) (width 0.12))
    (fp_line (start -1.85 -0.95) (end -1.85 0.95) (layer B.CrtYd) (width 0.05))
    (fp_line (start -1.85 0.95) (end 1.85 0.95) (layer B.CrtYd) (width 0.05))
    (fp_line (start 1.85 0.95) (end 1.85 -0.95) (layer B.CrtYd) (width 0.05))
    (fp_line (start 1.85 -0.95) (end -1.85 -0.95) (layer B.CrtYd) (width 0.05))
    (fp_text user %R (at 0 0 180) (layer B.Fab)
      (effects (font (size 0.5 0.5) (thickness 0.08)) (justify mirror))
    )
    (pad 2 smd roundrect (at 1.025 0) (size 1.15 1.4) (layers B.Cu B.Paste B.Mask) (roundrect_rratio 0.217391)
      (net 65 GND))
    (pad 1 smd roundrect (at -1.025 0) (size 1.15 1.4) (layers B.Cu B.Paste B.Mask) (roundrect_rratio 0.217391)
      (net 1 +5V))
    (model ${KISYS3DMOD}/Capacitor_SMD.3dshapes/C_0805_2012Metric.wrl
      (at (xyz 0 0 0))
      (scale (xyz 1 1 1))
      (rotate (xyz 0 0 0))
    )
  )

  (module Capacitor_SMD:C_0805_2012Metric_Pad1.15x1.40mm_HandSolder (layer B.Cu) (tedit 5B36C52B) (tstamp 5ED6634A)
    (at 67.1 64.275 90)
    (descr "Capacitor SMD 0805 (2012 Metric), square (rectangular) end terminal, IPC_7351 nominal with elongated pad for handsoldering. (Body size source: https://docs.google.com/spreadsheets/d/1BsfQQcO9C6DZCsRaXUlFlo91Tg2WpOkGARC1WS5S8t0/edit?usp=sharing), generated with kicad-footprint-generator")
    (tags "capacitor handsolder")
    (path /5FB0914B)
    (attr smd)
    (fp_text reference C8 (at 0.375 -1.9 90) (layer B.SilkS)
      (effects (font (size 1 1) (thickness 0.15)) (justify mirror))
    )
    (fp_text value 100n (at 0 -1.65 90) (layer B.Fab)
      (effects (font (size 1 1) (thickness 0.15)) (justify mirror))
    )
    (fp_line (start -1 -0.6) (end -1 0.6) (layer B.Fab) (width 0.1))
    (fp_line (start -1 0.6) (end 1 0.6) (layer B.Fab) (width 0.1))
    (fp_line (start 1 0.6) (end 1 -0.6) (layer B.Fab) (width 0.1))
    (fp_line (start 1 -0.6) (end -1 -0.6) (layer B.Fab) (width 0.1))
    (fp_line (start -0.261252 0.71) (end 0.261252 0.71) (layer B.SilkS) (width 0.12))
    (fp_line (start -0.261252 -0.71) (end 0.261252 -0.71) (layer B.SilkS) (width 0.12))
    (fp_line (start -1.85 -0.95) (end -1.85 0.95) (layer B.CrtYd) (width 0.05))
    (fp_line (start -1.85 0.95) (end 1.85 0.95) (layer B.CrtYd) (width 0.05))
    (fp_line (start 1.85 0.95) (end 1.85 -0.95) (layer B.CrtYd) (width 0.05))
    (fp_line (start 1.85 -0.95) (end -1.85 -0.95) (layer B.CrtYd) (width 0.05))
    (fp_text user %R (at 0 0 90) (layer B.Fab)
      (effects (font (size 0.5 0.5) (thickness 0.08)) (justify mirror))
    )
    (pad 2 smd roundrect (at 1.025 0 90) (size 1.15 1.4) (layers B.Cu B.Paste B.Mask) (roundrect_rratio 0.217391)
      (net 65 GND))
    (pad 1 smd roundrect (at -1.025 0 90) (size 1.15 1.4) (layers B.Cu B.Paste B.Mask) (roundrect_rratio 0.217391)
      (net 1 +5V))
    (model ${KISYS3DMOD}/Capacitor_SMD.3dshapes/C_0805_2012Metric.wrl
      (at (xyz 0 0 0))
      (scale (xyz 1 1 1))
      (rotate (xyz 0 0 0))
    )
  )

  (module Capacitor_SMD:C_0805_2012Metric_Pad1.15x1.40mm_HandSolder (layer B.Cu) (tedit 5B36C52B) (tstamp 5ED6635B)
    (at 67.1 71.825 270)
    (descr "Capacitor SMD 0805 (2012 Metric), square (rectangular) end terminal, IPC_7351 nominal with elongated pad for handsoldering. (Body size source: https://docs.google.com/spreadsheets/d/1BsfQQcO9C6DZCsRaXUlFlo91Tg2WpOkGARC1WS5S8t0/edit?usp=sharing), generated with kicad-footprint-generator")
    (tags "capacitor handsolder")
    (path /5FA880EB)
    (attr smd)
    (fp_text reference C9 (at 0 1.65 90) (layer B.SilkS)
      (effects (font (size 1 1) (thickness 0.15)) (justify mirror))
    )
    (fp_text value 100n (at 0 -1.65 90) (layer B.Fab)
      (effects (font (size 1 1) (thickness 0.15)) (justify mirror))
    )
    (fp_line (start 1.85 -0.95) (end -1.85 -0.95) (layer B.CrtYd) (width 0.05))
    (fp_line (start 1.85 0.95) (end 1.85 -0.95) (layer B.CrtYd) (width 0.05))
    (fp_line (start -1.85 0.95) (end 1.85 0.95) (layer B.CrtYd) (width 0.05))
    (fp_line (start -1.85 -0.95) (end -1.85 0.95) (layer B.CrtYd) (width 0.05))
    (fp_line (start -0.261252 -0.71) (end 0.261252 -0.71) (layer B.SilkS) (width 0.12))
    (fp_line (start -0.261252 0.71) (end 0.261252 0.71) (layer B.SilkS) (width 0.12))
    (fp_line (start 1 -0.6) (end -1 -0.6) (layer B.Fab) (width 0.1))
    (fp_line (start 1 0.6) (end 1 -0.6) (layer B.Fab) (width 0.1))
    (fp_line (start -1 0.6) (end 1 0.6) (layer B.Fab) (width 0.1))
    (fp_line (start -1 -0.6) (end -1 0.6) (layer B.Fab) (width 0.1))
    (fp_text user %R (at 0 0 90) (layer B.Fab)
      (effects (font (size 0.5 0.5) (thickness 0.08)) (justify mirror))
    )
    (pad 1 smd roundrect (at -1.025 0 270) (size 1.15 1.4) (layers B.Cu B.Paste B.Mask) (roundrect_rratio 0.217391)
      (net 1 +5V))
    (pad 2 smd roundrect (at 1.025 0 270) (size 1.15 1.4) (layers B.Cu B.Paste B.Mask) (roundrect_rratio 0.217391)
      (net 65 GND))
